Using InsertionSort Algorithm : 
Before sorting[78.92967185999578, 42.04317840497944, 0.8719587994544975, 86.23134307743554, 6.218522313199837, 81.26244835347137, 53.772768552882376, 45.52933248323448, 61.20217813324229, 45.263271986111775, 38.31494081720748, 56.27466027974414, 72.68099108799568, 45.366085328569206, 39.01383121073394, 46.12872779126134, 87.03527801581342, 13.631149080622295, 74.34836244969182, 97.65047983933125, 61.7884248569745, 42.25603292653635, 34.76634826111486, 26.222175470687027]
After sorting [0.8719587994544975, 0.8719587994544975, 0.8719587994544975, 6.218522313199837, 6.218522313199837, 13.631149080622295, 13.631149080622295, 13.631149080622295, 13.631149080622295, 13.631149080622295, 13.631149080622295, 13.631149080622295, 13.631149080622295, 13.631149080622295, 13.631149080622295, 13.631149080622295, 13.631149080622295, 13.631149080622295, 26.222175470687027, 26.222175470687027, 26.222175470687027, 26.222175470687027, 26.222175470687027, 26.222175470687027]
Binary search for value 78.92967185999578 : -1
Using BubbleSort Algorithm : 
Before sorting[0.8719587994544975, 0.8719587994544975, 0.8719587994544975, 6.218522313199837, 6.218522313199837, 13.631149080622295, 13.631149080622295, 13.631149080622295, 13.631149080622295, 13.631149080622295, 13.631149080622295, 13.631149080622295, 13.631149080622295, 13.631149080622295, 13.631149080622295, 13.631149080622295, 13.631149080622295, 13.631149080622295, 26.222175470687027, 26.222175470687027, 26.222175470687027, 26.222175470687027, 26.222175470687027, 26.222175470687027]
After sorting [0.8719587994544975, 0.8719587994544975, 0.8719587994544975, 6.218522313199837, 6.218522313199837, 13.631149080622295, 13.631149080622295, 13.631149080622295, 13.631149080622295, 13.631149080622295, 13.631149080622295, 13.631149080622295, 13.631149080622295, 13.631149080622295, 13.631149080622295, 13.631149080622295, 13.631149080622295, 13.631149080622295, 26.222175470687027, 26.222175470687027, 26.222175470687027, 26.222175470687027, 26.222175470687027, 26.222175470687027]
Binary search for value 0.8719587994544975 : 2
Using SelectionSort Algorithm : 
Before sorting[0.8719587994544975, 0.8719587994544975, 0.8719587994544975, 6.218522313199837, 6.218522313199837, 13.631149080622295, 13.631149080622295, 13.631149080622295, 13.631149080622295, 13.631149080622295, 13.631149080622295, 13.631149080622295, 13.631149080622295, 13.631149080622295, 13.631149080622295, 13.631149080622295, 13.631149080622295, 13.631149080622295, 26.222175470687027, 26.222175470687027, 26.222175470687027, 26.222175470687027, 26.222175470687027, 26.222175470687027]
After sorting [0.8719587994544975, 0.8719587994544975, 0.8719587994544975, 6.218522313199837, 6.218522313199837, 13.631149080622295, 13.631149080622295, 13.631149080622295, 13.631149080622295, 13.631149080622295, 13.631149080622295, 13.631149080622295, 13.631149080622295, 13.631149080622295, 13.631149080622295, 13.631149080622295, 13.631149080622295, 13.631149080622295, 26.222175470687027, 26.222175470687027, 26.222175470687027, 26.222175470687027, 26.222175470687027, 26.222175470687027]
Binary search for value 0.8719587994544975 : 2
